55.041645 49.287795 71.281124
60.156704 19.206434 27.883560
19.982655 44.850072 28.491547
25.215225 63.120710 51.500331
78.357984 60.617606 18.821912
69.484103 54.109594 24.399621
46.875628 74.540205 18.706437
60.027970 68.693036 88.827185
0.839628 2.234872 12.728167
1.166054 10.352671 -19.654311
1.007192 0.578542 33.308571
8.297569 -1.984144 -36.167264
4.801081 3.964410 15.512481
6.142413 4.655286 -27.844927
1.390595 4.844009 -2.062140
5.399038 7.433376 5.978584
10.482549 6.193546 28.885146
9.084840 8.247313 -21.106919
9.280549 10.224200 9.178487
8.900535 3.629652 12.626480
12.616066 12.595457 13.577047
14.081722 13.789722 13.631831
8.323062 12.646945 10.311076
12.148300 12.143290 13.659345
13.297938 13.287835 4.989734
14.052696 14.041206 7.224119
14.292056 14.314726 14.159203
14.043024 14.083903 12.271030
16.001010 15.976793 11.915800
16.588344 16.501497 16.473188
16.841733 16.784554 16.710475
16.810635 17.218765 17.244561
18.400000 19.434018 21.271450
20.482221 19.756250 9.582726
20.000000 19.875000 19.655222
19.875000 20.000000 18.500000
17.208464 17.161869 16.014061
18.009336 18.084227 18.124171
18.280975 16.997983 19.461034
17.002945 16.887449 19.597851
19.875000 19.745281 20.242129
19.756250 19.750625 19.583123
19.875000 19.869375 19.827620
19.756250 19.767146 19.829948
19.183412 19.103212 20.024168
19.479196 19.534575 19.563188
19.636687 19.875000 20.008162
19.526567 19.331206 17.956042
17.946790 17.933342 17.867044
18.558780 19.776811 10.050897
18.744771 19.108166 38.679061
19.725611 18.546493 17.242460
145.242351 19.287416 29.107026
18.762625 37.679929 18.900000
19.386425 32.851713 126.798897
25.506943 49.899078 244.918035
6.664228 6.919716 13.523203
8.451139 7.603448 7.653867
6.573321 6.204739 4.560947
5.290033 8.091630 -4.096712
15.890325 16.110251 17.206903
16.178239 15.937124 16.068451
15.213969 15.051783 8.901694
14.152567 15.377599 -2.176499
17.988385 18.094173 18.136454
18.349723 18.542815 18.285192
17.953424 18.016788 25.167885
17.719457 17.436302 17.430430
86.058442 37.865042 8.136196
65.589340 41.835988 5.875290
40.719393 87.554303 1.047503
75.209408 68.217978 100.699678
86.974764 15.228136 13.276485
15.830370 50.587135 10.506991
22.014664 97.320992 13.953554
82.282519 62.254752 114.684476
113.460969 26.081771 32.322979
65.968207 31.429577 10.453736
22.259328 99.034355 5.866060
70.045691 94.289124 138.348669
123.183971 40.664189 17.304124
41.868084 93.247405 10.065375
44.993046 136.769813 17.550188
114.519120 91.244765 160.888263
159.566845 116.114284 215.128197
168.718310 75.405180 33.667800
98.573062 160.813601 24.779671
132.943653 189.197436 37.846035
140.065181 167.788754 256.007852
213.436665 62.736281 31.131357
135.583388 37.844737 47.679509
52.321299 202.288726 20.503377
314.299831 212.070765 77.944447
261.167469 151.774747 21.591216
121.751545 276.658746 31.625589
186.714966 265.961050 357.098674
